X=[37, 24, 17, 13, 20, 17] y=[17, 24, 37] yhat=[17, 24, 37]
X=[27, 33, 21, 17, 22, 25] y=[21, 33, 27] yhat=[21, 33, 27]
X=[3, 27, 27, 46, 12, 15] y=[27, 27, 3] yhat=[27, 27, 3]
X=[38, 20, 22, 2, 4, 45] y=[22, 20, 38] yhat=[22, 20, 38]
X=[13, 32, 22, 25, 27, 17] y=[22, 32, 13] yhat=[22, 32, 13]
X=[6, 43, 16, 8, 33, 10] y=[16, 43, 6] yhat=[16, 43, 6]
X=[34, 19, 14, 3, 41, 23] y=[14, 19, 34] yhat=[14, 19, 34]
X=[40, 11, 47, 6, 34, 1] y=[47, 11, 40] yhat=[47, 11, 40]
X=[35, 25, 29, 23, 18, 14] y=[29, 25, 35] yhat=[29, 25, 35]
X=[17, 2, 31, 19, 32, 28] y=[31, 2, 17] yhat=[31, 2, 17]
